0_134_15451_31119 23.08502852620177 0.8533545435957648 0.14209186585054764
1_147_16374_32167 17.788157973123425 0.5175021424222348 0.4150517829022004
2_167_18184_34441 16.750787710075947 0.7331252990670465 0.2497449305594264
3_194_20925_42241 19.162963866001338 0.7583849551665842 0.2212010142370243
4_206_21797_45640 24.09568753838539 0.8572449219226838 0.13215844983235
5_216_22818_47639 15.825018300328935 0.7205805924960546 0.23687641209789684
6_235_24641_51707 15.54553926287599 0.619246076588607 0.30332888861126567
7_250_26767_54267 20.023518920543804 0.7800038666581389 0.21295503087004825
8_250_26808_55348 20.502049750949613 0.7836003217531081 0.21565803996662594
9_286_30158_58343 24.64045914251413 0.7944062805887478 0.22070779332622367
10_286_30164_59371 19.484417213136282 0.7702181199889871 0.15811671689152718
11_286_30165_59425 20.16454298697894 0.8102579152406152 0.1711157826122953
12_304_31873_60475 18.0545565322857 0.7280213862509277 0.2399397601387394
13_304_31885_60485 23.371910924342142 0.8727446079847232 0.15078590270965847
14_344_35916_66357 18.700695654646083 0.6693581449451731 0.2573572609629204
15_411_55970_107894 22.44293741918915 0.8935278814230392 0.11142368160595942
16_411_56064_108483 24.094519923575483 0.8617602675708372 0.16613590394827857
17_415_57040_109604 13.007010704842372 0.5455056213176073 0.41682836050121347
18_415_57123_110212 26.031772615897715 0.9124257511167384 0.12747894127422305
19_415_57191_110496 23.11831796347205 0.8608078962534814 0.12150824351690302
20_417_57567_110737 20.380924453782796 0.7845937971451983 0.20119683887457374
21_417_57593_110775 19.936605798664377 0.7673332219693199 0.21111352430350744
22_417_57612_110875 21.890215221329115 0.843357154682501 0.16983471440142067
23_417_57728_111393 27.53751527017622 0.879848092053067 0.12447071005011079
24_417_57732_111339 21.495379838184338 0.8070664393961133 0.1720860190504226
25_421_58385_112527 22.715238771628385 0.7800277474507764 0.21200806386212803
26_421_58398_112543 19.517441703312432 0.7703923820263118 0.20846261843964828
27_429_60372_116968 17.165777274032138 0.6454470818908653 0.3295123773576015
28_429_60420_117369 23.749077557331294 0.831113755999513 0.17979348350816698
29_429_60424_117419 22.66037091686951 0.7431782659013473 0.2938857209400751
30_429_60519_117794 19.636315582978604 0.7466279782279573 0.22597595940184112
31_431_60883_118387 19.919052266362886 0.8132519286070297 0.16030347483482824
32_431_60885_118390 21.070229698769488 0.8080556342257789 0.1782029687579888
33_435_61862_121151 17.851377850148214 0.5875763649964214 0.3531270179879013
34_435_61899_121439 24.49826244098037 0.8763219390935566 0.13404107073423874
35_471_66544_130959 24.18701001660741 0.8440942740558985 0.1296096967338626
36_471_66626_131248 25.397381806984924 0.8314198301388667 0.15911206589677396
37_491_70263_136778 28.304677151921968 0.9431752088058054 0.08191496312655323
38_491_70265_136782 26.78771066428417 0.9368913885372788 0.07762976231711421
39_491_70293_136822 28.497503207097598 0.9580067425817993 0.05698533854748479
40_497_71356_138882 18.175231102777985 0.7301532589659399 0.23298735156351205
41_497_71368_139133 25.674993292016175 0.9535130063692728 0.06369244459256604
42_519_74488_144698 21.917520553911505 0.846733277709923 0.17397176870955758
43_522_74995_146028 24.99287389997226 0.8820929132883821 0.14200386873895848
44_522_75006_146164 21.551394676094624 0.8806605057336798 0.10278892663506727
45_570_83077_163199 20.542633314037797 0.8092223471076927 0.16224015605130895
46_576_84898_167564 20.0721006725558 0.702656256915325 0.2628908280783625
47_580_86059_169410 24.485884537151204 0.8792280516221156 0.13065151592243962
48_582_86625_170421 23.30425095795399 0.8749420625060352 0.14735364079920213
